was in fake record
sleeping
./600Hz Sine 45 Angle & 450 Sine 90 Angle V2.Wav
[(109.58904109589041, 86), (454.01174168297456, 45), (610.5675146771036, 64)]
[(454.01174168297456, 45), (594.9119373776907, 94)]
[(454.01174168297456, 64), (594.9119373776907, 94)]
[(454.01174168297456, 64), (594.9119373776907, 93)]
[(454.01174168297456, 64), (594.9119373776907, 93)]
[(454.01174168297456, 93), (594.9119373776907, 94)]
[(454.01174168297456, 93), (594.9119373776907, 63)]
[(454.01174168297456, 93), (594.9119373776907, 44)]
[(454.01174168297456, 92), (594.9119373776907, 45)]
[(454.01174168297456, 92), (594.9119373776907, 44)]
[(454.01174168297456, 92), (594.9119373776907, 45)]
[(454.01174168297456, 92), (594.9119373776907, 45)]
[(454.01174168297456, 92), (594.9119373776907, 45)]
[(454.01174168297456, 92), (594.9119373776907, 44)]
[(454.01174168297456, 92), (594.9119373776907, 44)]
[(454.01174168297456, 92), (594.9119373776907, 44)]
[(454.01174168297456, 92), (594.9119373776907, 44)]
[(454.01174168297456, 92), (594.9119373776907, 44)]
[(454.01174168297456, 92), (594.9119373776907, 44)]
[(454.01174168297456, 93), (594.9119373776907, 44)]
[(454.01174168297456, 93), (594.9119373776907, 43)]
[(454.01174168297456, 93), (594.9119373776907, 43)]
[(454.01174168297456, 93), (594.9119373776907, 43)]
[(454.01174168297456, 93), (594.9119373776907, 43)]
[(454.01174168297456, 93), (594.9119373776907, 43)]
[(454.01174168297456, 93), (594.9119373776907, 43)]
[(454.01174168297456, 93), (594.9119373776907, 43)]
[(454.01174168297456, 93), (594.9119373776907, 43)]
[(93.9334637964775, 45), (454.01174168297456, 93), (594.9119373776907, 43)]
[(454.01174168297456, 93), (594.9119373776907, 43)]
[(454.01174168297456, 93), (594.9119373776907, 43)]
[(454.01174168297456, 93), (594.9119373776907, 43)]
[(454.01174168297456, 93), (594.9119373776907, 43)]
[(93.9334637964775, 104), (454.01174168297456, 93), (594.9119373776907, 43)]
[(454.01174168297456, 93), (594.9119373776907, 43)]
[(454.01174168297456, 323), (594.9119373776907, 43)]
[(454.01174168297456, 93), (594.9119373776907, 43)]
[(454.01174168297456, 93), (594.9119373776907, 43)]
[(93.9334637964775, 45), (454.01174168297456, 325), (594.9119373776907, 43)]
[(454.01174168297456, 93), (594.9119373776907, 43)]
[(454.01174168297456, 93), (594.9119373776907, 43)]
[(454.01174168297456, 93), (594.9119373776907, 43)]
[(454.01174168297456, 93), (594.9119373776907, 43)]
[(454.01174168297456, 93), (594.9119373776907, 43)]
[(454.01174168297456, 93), (594.9119373776907, 43)]
[(454.01174168297456, 93), (594.9119373776907, 43)]
[(454.01174168297456, 93), (594.9119373776907, 43)]
[(454.01174168297456, 93), (594.9119373776907, 43)]
[(78.27788649706457, 26), (454.01174168297456, 93), (594.9119373776907, 43)]
[(454.01174168297456, 93), (594.9119373776907, 43)]
[(454.01174168297456, 93), (594.9119373776907, 43)]
[(454.01174168297456, 93), (594.9119373776907, 43)]
[(454.01174168297456, 93), (594.9119373776907, 43)]
[(454.01174168297456, 92), (594.9119373776907, 43)]
[(454.01174168297456, 93), (594.9119373776907, 43)]
[(454.01174168297456, 93), (594.9119373776907, 43)]
[(454.01174168297456, 92), (594.9119373776907, 43)]
[(454.01174168297456, 93), (594.9119373776907, 44)]
[(454.01174168297456, 93), (594.9119373776907, 44)]
[(454.01174168297456, 92), (594.9119373776907, 45)]
[(454.01174168297456, 93), (594.9119373776907, 45)]
[(454.01174168297456, 64), (594.9119373776907, 46)]
[(454.01174168297456, 64), (594.9119373776907, 46)]
[(454.01174168297456, 64), (594.9119373776907, 26)]
[(454.01174168297456, 64), (594.9119373776907, 26)]
[(454.01174168297456, 44), (594.9119373776907, 26)]
[(454.01174168297456, 44), (610.5675146771036, 27)]
[(454.01174168297456, 45), (594.9119373776907, 28)]
[(454.01174168297456, 45), (594.9119373776907, 4)]
[(454.01174168297456, 45)]
[(454.01174168297456, 45)]
[(454.01174168297456, 45)]
[(454.01174168297456, 45)]
[(454.01174168297456, 45)]
[(454.01174168297456, 45)]
[(454.01174168297456, 45)]
[(454.01174168297456, 45)]
